0.39056706 -0.13019001 -0.9113221
-0.009018 0.125280 -0.007791 -0.029047 0.125563 0.007762 0.000968 0.130643 0.002587 10 218 107
-0.091715 0.117100 0.030809 -0.094238 0.126154 0.022201 -0.092675 0.117019 0.011890 10 218 107
-0.039180 0.042407 0.041476 -0.023574 0.037037 0.054145 -0.022492 0.046514 0.051885 10 218 107
-0.094238 0.126154 0.022201 -0.090009 0.132781 0.005922 -0.092675 0.117019 0.011890 10 218 107
-0.074898 0.114589 0.050776 -0.070113 0.117904 0.052714 -0.084151 0.129550 0.050484 10 218 107
-0.084151 0.129550 0.050484 -0.066299 0.123371 0.050616 -0.078436 0.139280 0.048329 10 218 107
-0.070113 0.117904 0.052714 -0.066299 0.123371 0.050616 -0.084151 0.129550 0.050484 10 218 107
0.000968 0.130643 0.002587 -0.008989 0.129523 0.022027 0.013906 0.127908 0.025110 10 218 107
-0.066299 0.123371 0.050616 -0.065692 0.149618 0.038161 -0.078436 0.139280 0.048329 10 218 107
0.045942 0.048139 -0.003872 0.053124 0.059012 -0.002885 0.056908 0.051578 0.007254 10 218 107
0.009223 0.044125 0.045057 -0.002684 0.051247 0.053187 -0.013373 0.047892 0.047884 10 218 107
-0.072145 0.091556 0.041495 -0.063782 0.110373 0.037580 -0.075824 0.107949 0.037129 10 218 107
-0.029047 0.125563 0.007762 -0.026304 0.125189 0.017393 -0.008989 0.129523 0.022027 10 218 107
-0.063782 0.110373 0.037580 -0.072145 0.091556 0.041495 -0.064992 0.084551 0.044120 10 218 107
0.003508 0.086340 0.057048 0.023780 0.095223 0.046347 -0.001219 0.096202 0.053816 10 218 107
-0.050290 0.049099 0.017165 -0.051308 0.060522 0.031435 -0.057220 0.057000 0.004918 10 218 107
0.019205 0.055167 0.047722 -0.002684 0.051247 0.053187 0.009223 0.044125 0.045057 10 218 107
-0.001219 0.096202 0.053816 0.023780 0.095223 0.046347 -0.000950 0.101411 0.044290 10 218 107
-0.026304 0.125189 0.017393 -0.030770 0.115973 0.032859 -0.008989 0.129523 0.022027 10 218 107
0.003508 0.086340 0.057048 -0.015241 0.091822 0.055817 -0.003248 0.075711 0.058715 10 218 107
0.048510 0.061781 0.030347 0.045161 0.071030 0.022531 0.035515 0.050450 0.031440 10 218 107
-0.064992 0.084551 0.044120 -0.049001 0.086222 0.045352 -0.063782 0.110373 0.037580 10 218 107
-0.047872 0.034136 -0.015418 -0.067078 0.033840 -0.006169 -0.054421 0.047837 -0.005919 10 218 107
-0.049001 0.086222 0.045352 -0.041461 0.098545 0.041779 -0.063782 0.110373 0.037580 10 218 107
-0.054201 0.114517 0.034844 -0.063782 0.110373 0.037580 -0.041461 0.098545 0.041779 10 218 107
0.016833 0.103375 0.045287 0.010145 0.122217 0.034719 -0.000950 0.101411 0.044290 10 218 107
-0.015241 0.091822 0.055817 0.003508 0.086340 0.057048 -0.001219 0.096202 0.053816 10 218 107
-0.039180 0.042407 0.041476 -0.049754 0.049738 0.037037 -0.060381 0.045921 0.040089 10 218 107
-0.029047 0.125563 0.007762 -0.008989 0.129523 0.022027 0.000968 0.130643 0.002587 10 218 107
-0.042056 0.086712 0.042535 -0.049001 0.086222 0.045352 -0.047402 0.075550 0.042630 10 218 107
-0.039186 0.063075 0.041383 -0.042056 0.086712 0.042535 -0.047402 0.075550 0.042630 10 218 107
-0.030770 0.115973 0.032859 -0.043465 0.124511 0.022519 -0.054201 0.114517 0.034844 10 218 107
-0.019819 0.165095 -0.017609 -0.008696 0.172916 -0.026709 -0.014223 0.161674 -0.013349 10 218 107
-0.022048 0.183486 -0.012095 -0.042234 0.172116 -0.004180 -0.054642 0.155230 0.012612 10 218 107
-0.049001 0.086222 0.045352 -0.042056 0.086712 0.042535 -0.041461 0.098545 0.041779 10 218 107
-0.039180 0.042407 0.041476 -0.028054 0.054551 0.036787 -0.049754 0.049738 0.037037 10 218 107
-0.041461 0.098545 0.041779 -0.030770 0.115973 0.032859 -0.054201 0.114517 0.034844 10 218 107
0.000809 0.116333 0.040168 0.010145 0.122217 0.034719 -0.013992 0.119626 0.036252 10 218 107
-0.028054 0.054551 0.036787 -0.039186 0.063075 0.041383 -0.049754 0.049738 0.037037 10 218 107
-0.039186 0.063075 0.041383 -0.030801 0.080068 0.041798 -0.042056 0.086712 0.042535 10 218 107
0.023780 0.095223 0.046347 0.016833 0.103375 0.045287 -0.000950 0.101411 0.044290 10 218 107
-0.022492 0.046514 0.051885 0.009223 0.044125 0.045057 -0.013373 0.047892 0.047884 10 218 107
-0.030801 0.080068 0.041798 -0.022362 0.098208 0.044766 -0.042056 0.086712 0.042535 10 218 107
-0.042056 0.086712 0.042535 -0.022362 0.098208 0.044766 -0.041461 0.098545 0.041779 10 218 107
-0.028054 0.054551 0.036787 -0.030801 0.080068 0.041798 -0.039186 0.063075 0.041383 10 218 107
-0.022362 0.098208 0.044766 -0.030770 0.115973 0.032859 -0.041461 0.098545 0.041779 10 218 107
0.056908 0.051578 0.007254 0.053124 0.059012 -0.002885 0.056455 0.069951 0.004919 10 218 107
-0.084314 0.109573 0.003710 -0.086161 0.108386 0.018245 -0.092675 0.117019 0.011890 10 218 107
-0.079040 0.155374 0.015142 -0.088875 0.151694 0.020087 -0.077383 0.153466 0.030895 10 218 107
-0.000950 0.101411 0.044290 0.000809 0.116333 0.040168 -0.022362 0.098208 0.044766 10 218 107
-0.028054 0.054551 0.036787 -0.019876 0.051608 0.046142 -0.030801 0.080068 0.041798 10 218 107
-0.013992 0.119626 0.036252 -0.030770 0.115973 0.032859 -0.022362 0.098208 0.044766 10 218 107
-0.019876 0.051608 0.046142 -0.028054 0.054551 0.036787 -0.022492 0.046514 0.051885 10 218 107
-0.074108 0.173557 -0.037987 -0.069104 0.155595 0.001637 -0.068136 0.180061 -0.058816 10 218 107
0.002665 0.062700 0.056525 0.003508 0.086340 0.057048 -0.003248 0.075711 0.058715 10 218 107
-0.063057 0.143416 -0.007491 -0.062745 0.163975 -0.059398 -0.061996 0.147615 -0.004326 10 218 107
0.010145 0.122217 0.034719 0.013906 0.127908 0.025110 -0.008989 0.129523 0.022027 10 218 107
-0.022492 0.046514 0.051885 -0.013373 0.047892 0.047884 -0.019876 0.051608 0.046142 10 218 107
-0.008989 0.129523 0.022027 -0.013992 0.119626 0.036252 0.010145 0.122217 0.034719 10 218 107
-0.060381 0.045921 0.040089 -0.049754 0.049738 0.037037 -0.052625 0.050435 0.029047 10 218 107
-0.033164 0.033607 -0.029722 -0.042466 0.034189 -0.027261 -0.021201 0.046657 -0.027951 10 218 107
-0.033164 0.033607 -0.029722 0.009589 0.034207 -0.015424 -0.035199 0.033835 -0.020508 10 218 107
-0.013992 0.119626 0.036252 -0.008989 0.129523 0.022027 -0.030770 0.115973 0.032859 10 218 107
-0.090242 0.135760 0.014149 -0.090206 0.149478 0.013035 -0.077388 0.146564 -0.004354 10 218 107
0.000968 0.130643 0.002587 0.013906 0.127908 0.025110 0.012319 0.129038 0.001334 10 218 107
0.043785 0.048804 0.031343 0.048510 0.061781 0.030347 0.035515 0.050450 0.031440 10 218 107
-0.019876 0.051608 0.046142 -0.013373 0.047892 0.047884 -0.015716 0.060823 0.052365 10 218 107
-0.015716 0.060823 0.052365 0.002665 0.062700 0.056525 -0.003248 0.075711 0.058715 10 218 107
-0.063057 0.143416 -0.007491 -0.071048 0.151611 -0.044679 -0.062745 0.163975 -0.059398 10 218 107
-0.022362 0.098208 0.044766 0.000809 0.116333 0.040168 -0.013992 0.119626 0.036252 10 218 107
-0.015716 0.060823 0.052365 -0.003248 0.075711 0.058715 -0.019135 0.083475 0.057217 10 218 107
-0.003248 0.075711 0.058715 -0.015241 0.091822 0.055817 -0.019135 0.083475 0.057217 10 218 107
-0.013373 0.047892 0.047884 -0.002684 0.051247 0.053187 -0.015716 0.060823 0.052365 10 218 107
-0.015716 0.060823 0.052365 -0.002684 0.051247 0.053187 0.002665 0.062700 0.056525 10 218 107
0.035252 0.090837 0.039184 0.016833 0.103375 0.045287 0.023780 0.095223 0.046347 10 218 107
-0.022048 0.183486 -0.012095 -0.054642 0.155230 0.012612 -0.045301 0.156951 0.007204 10 218 107
0.059092 0.057957 0.020270 0.043785 0.048804 0.031343 0.049016 0.044574 0.020659 10 218 107
-0.063782 0.110373 0.037580 -0.066299 0.123371 0.050616 -0.070113 0.117904 0.052714 10 218 107
-0.066299 0.123371 0.050616 -0.062763 0.137780 0.036679 -0.065692 0.149618 0.038161 10 218 107
0.047447 0.073691 0.012430 0.044327 0.090818 0.022098 0.045161 0.071030 0.022531 10 218 107
-0.056917 0.126235 0.039427 -0.062763 0.137780 0.036679 -0.066299 0.123371 0.050616 10 218 107
0.044327 0.090818 0.022098 0.035252 0.090837 0.039184 0.033574 0.058515 0.038311 10 218 107
0.035515 0.050450 0.031440 0.033574 0.058515 0.038311 0.020250 0.037033 0.039327 10 218 107
-0.056917 0.126235 0.039427 -0.066299 0.123371 0.050616 -0.063782 0.110373 0.037580 10 218 107
0.046693 0.042465 0.006565 0.045942 0.048139 -0.003872 0.056908 0.051578 0.007254 10 218 107
-0.056628 0.152706 0.029629 -0.065692 0.149618 0.038161 -0.062763 0.137780 0.036679 10 218 107
-0.039343 0.035440 0.042493 -0.060381 0.045921 0.040089 -0.055928 0.035917 0.046376 10 218 107
-0.066643 0.160409 -0.056843 -0.062745 0.163975 -0.059398 -0.071048 0.151611 -0.044679 10 218 107
-0.063782 0.110373 0.037580 -0.054201 0.114517 0.034844 -0.056917 0.126235 0.039427 10 218 107
-0.053078 0.137547 0.028266 -0.056628 0.152706 0.029629 -0.062763 0.137780 0.036679 10 218 107
-0.050271 0.143366 0.001515 -0.026292 0.159634 -0.000518 -0.049423 0.142835 0.008973 10 218 107
-0.056917 0.126235 0.039427 -0.053078 0.137547 0.028266 -0.062763 0.137780 0.036679 10 218 107
-0.039180 0.042407 0.041476 -0.060381 0.045921 0.040089 -0.039343 0.035440 0.042493 10 218 107
0.019205 0.055167 0.047722 0.030885 0.078999 0.043389 0.017897 0.079517 0.052760 10 218 107
0.017897 0.079517 0.052760 0.023780 0.095223 0.046347 0.003508 0.086340 0.057048 10 218 107
-0.094238 0.126154 0.022201 -0.090242 0.135760 0.014149 -0.090009 0.132781 0.005922 10 218 107
0.019205 0.055167 0.047722 0.033574 0.058515 0.038311 0.030885 0.078999 0.043389 10 218 107
0.019968 0.034844 -0.001898 0.045942 0.048139 -0.003872 0.046693 0.042465 0.006565 10 218 107
0.045134 0.093631 0.006234 0.044327 0.090818 0.022098 0.047447 0.073691 0.012430 10 218 107
-0.015451 0.185976 -0.024796 -0.022048 0.183486 -0.012095 -0.045301 0.156951 0.007204 10 218 107
-0.054201 0.114517 0.034844 -0.043465 0.124511 0.022519 -0.056917 0.126235 0.039427 10 218 107
-0.043465 0.124511 0.022519 -0.053078 0.137547 0.028266 -0.056917 0.126235 0.039427 10 218 107
-0.052625 0.050435 0.029047 -0.055353 0.042936 0.019135 -0.064416 0.041284 0.028243 10 218 107
-0.073945 0.084375 -0.015154 -0.070872 0.116116 -0.007956 -0.055140 0.110516 -0.017673 10 218 107
0.033574 0.058515 0.038311 0.035252 0.090837 0.039184 0.030885 0.078999 0.043389 10 218 107
-0.023574 0.037037 0.054145 -0.039180 0.042407 0.041476 -0.039343 0.035440 0.042493 10 218 107
-0.022492 0.046514 0.051885 0.012224 0.035177 0.042621 0.009223 0.044125 0.045057 10 218 107
0.030885 0.078999 0.043389 0.035252 0.090837 0.039184 0.023780 0.095223 0.046347 10 218 107
0.020250 0.037033 0.039327 0.033574 0.058515 0.038311 0.009223 0.044125 0.045057 10 218 107
0.045161 0.071030 0.022531 0.033574 0.058515 0.038311 0.035515 0.050450 0.031440 10 218 107
0.056908 0.051578 0.007254 0.056455 0.069951 0.004919 0.059092 0.057957 0.020270 10 218 107
0.049016 0.044574 0.020659 0.056908 0.051578 0.007254 0.059092 0.057957 0.020270 10 218 107
0.054016 0.072884 0.018678 0.059092 0.057957 0.020270 0.056455 0.069951 0.004919 10 218 107
-0.054642 0.155230 0.012612 -0.056628 0.152706 0.029629 -0.049423 0.142835 0.008973 10 218 107
-0.015451 0.185976 -0.024796 -0.045301 0.156951 0.007204 -0.014223 0.161674 -0.013349 10 218 107
0.017897 0.079517 0.052760 0.003508 0.086340 0.057048 0.002665 0.062700 0.056525 10 218 107
0.045161 0.071030 0.022531 0.044327 0.090818 0.022098 0.033574 0.058515 0.038311 10 218 107
-0.049423 0.142835 0.008973 -0.045301 0.156951 0.007204 -0.054642 0.155230 0.012612 10 218 107
0.045134 0.093631 0.006234 0.041439 0.092365 -0.007459 0.030530 0.112212 -0.008186 10 218 107
0.046693 0.042465 0.006565 0.056908 0.051578 0.007254 0.049016 0.044574 0.020659 10 218 107
0.035252 0.090837 0.039184 0.044327 0.090818 0.022098 0.034024 0.113539 0.024595 10 218 107
-0.014223 0.161674 -0.013349 -0.045301 0.156951 0.007204 -0.026292 0.159634 -0.000518 10 218 107
0.002665 0.062700 0.056525 0.019205 0.055167 0.047722 0.017897 0.079517 0.052760 10 218 107
0.030885 0.078999 0.043389 0.023780 0.095223 0.046347 0.017897 0.079517 0.052760 10 218 107
0.033574 0.058515 0.038311 0.019205 0.055167 0.047722 0.009223 0.044125 0.045057 10 218 107
-0.049423 0.142835 0.008973 -0.026292 0.159634 -0.000518 -0.045301 0.156951 0.007204 10 218 107
0.035252 0.090837 0.039184 0.010145 0.122217 0.034719 0.016833 0.103375 0.045287 10 218 107
0.045134 0.093631 0.006234 0.047447 0.073691 0.012430 0.045997 0.069814 0.003014 10 218 107
0.043785 0.048804 0.031343 0.059092 0.057957 0.020270 0.048510 0.061781 0.030347 10 218 107
-0.048982 0.129806 -0.001323 -0.050271 0.143366 0.001515 -0.049423 0.142835 0.008973 10 218 107
0.012224 0.035177 0.042621 0.020250 0.037033 0.039327 0.009223 0.044125 0.045057 10 218 107
0.045997 0.069814 0.003014 0.041439 0.092365 -0.007459 0.045134 0.093631 0.006234 10 218 107
-0.081221 0.081003 0.031256 -0.088206 0.094486 0.023744 -0.088091 0.087742 0.004849 10 218 107
-0.055353 0.042936 0.019135 -0.052625 0.050435 0.029047 -0.050290 0.049099 0.017165 10 218 107
-0.015451 0.185976 -0.024796 -0.008696 0.172916 -0.026709 -0.011097 0.182023 -0.028042 10 218 107
0.041439 0.092365 -0.007459 0.031909 0.064657 -0.018473 0.035359 0.087439 -0.017109 10 218 107
-0.073748 0.155393 0.002349 -0.090206 0.149478 0.013035 -0.088875 0.151694 0.020087 10 218 107
-0.084314 0.109573 0.003710 -0.092675 0.117019 0.011890 -0.085632 0.124611 -0.002734 10 218 107
-0.092675 0.117019 0.011890 -0.090009 0.132781 0.005922 -0.085632 0.124611 -0.002734 10 218 107
-0.015241 0.091822 0.055817 -0.001219 0.096202 0.053816 -0.022362 0.098208 0.044766 10 218 107
-0.090242 0.135760 0.014149 -0.092654 0.120840 0.041630 -0.088875 0.151694 0.020087 10 218 107
-0.088091 0.087742 0.004849 -0.084314 0.109573 0.003710 -0.082943 0.093292 -0.006186 10 218 107
-0.086062 0.079931 0.014441 -0.081221 0.081003 0.031256 -0.088091 0.087742 0.004849 10 218 107
-0.069997 0.042073 0.006690 -0.055353 0.042936 0.019135 -0.057713 0.048718 0.007277 10 218 107
-0.088091 0.087742 0.004849 -0.086161 0.108386 0.018245 -0.084314 0.109573 0.003710 10 218 107
0.045997 0.069814 0.003014 0.033206 0.051021 -0.007238 0.031909 0.064657 -0.018473 10 218 107
-0.088875 0.151694 0.020087 -0.090206 0.149478 0.013035 -0.090242 0.135760 0.014149 10 218 107
0.020250 0.037033 0.039327 0.028948 0.039160 0.027235 0.035515 0.050450 0.031440 10 218 107
0.031909 0.064657 -0.018473 0.041439 0.092365 -0.007459 0.045997 0.069814 0.003014 10 218 107
-0.017142 0.098057 -0.024924 0.006272 0.099910 -0.022297 -0.019707 0.092917 -0.034637 10 218 107
-0.057713 0.048718 0.007277 -0.055353 0.042936 0.019135 -0.050290 0.049099 0.017165 10 218 107
0.045134 0.093631 0.006234 0.030530 0.112212 -0.008186 0.032820 0.116556 0.004446 10 218 107
0.012009 0.035962 -0.021736 0.026775 0.051423 -0.020234 0.019968 0.034844 -0.001898 10 218 107
-0.060381 0.045921 0.040089 -0.052625 0.050435 0.029047 -0.064416 0.041284 0.028243 10 218 107
0.025473 0.074094 -0.024939 0.035359 0.087439 -0.017109 0.031909 0.064657 -0.018473 10 218 107
-0.062745 0.163975 -0.059398 -0.062542 0.176795 -0.057822 -0.062312 0.163711 -0.040624 10 218 107
0.026775 0.051423 -0.020234 0.033206 0.051021 -0.007238 0.019968 0.034844 -0.001898 10 218 107
-0.061996 0.147615 -0.004326 -0.062745 0.163975 -0.059398 -0.062312 0.163711 -0.040624 10 218 107
0.026775 0.051423 -0.020234 0.031909 0.064657 -0.018473 0.033206 0.051021 -0.007238 10 218 107
0.039108 0.108291 0.013142 0.034024 0.113539 0.024595 0.044327 0.090818 0.022098 10 218 107
-0.049423 0.142835 0.008973 -0.056628 0.152706 0.029629 -0.053078 0.137547 0.028266 10 218 107
0.002665 0.062700 0.056525 -0.002684 0.051247 0.053187 0.019205 0.055167 0.047722 10 218 107
-0.049423 0.142835 0.008973 -0.053078 0.137547 0.028266 -0.043465 0.124511 0.022519 10 218 107
-0.062312 0.163711 -0.040624 -0.069104 0.155595 0.001637 -0.061996 0.147615 -0.004326 10 218 107
0.045134 0.093631 0.006234 0.039108 0.108291 0.013142 0.044327 0.090818 0.022098 10 218 107
0.048510 0.061781 0.030347 0.059092 0.057957 0.020270 0.054016 0.072884 0.018678 10 218 107
-0.062542 0.176795 -0.057822 -0.068136 0.180061 -0.058816 -0.062312 0.163711 -0.040624 10 218 107
0.048510 0.061781 0.030347 0.054016 0.072884 0.018678 0.045161 0.071030 0.022531 10 218 107
0.047447 0.073691 0.012430 0.054016 0.072884 0.018678 0.056455 0.069951 0.004919 10 218 107
0.047447 0.073691 0.012430 0.045161 0.071030 0.022531 0.054016 0.072884 0.018678 10 218 107
0.045997 0.069814 0.003014 0.047447 0.073691 0.012430 0.056455 0.069951 0.004919 10 218 107
-0.042234 0.172116 -0.004180 -0.060484 0.155680 0.004334 -0.054642 0.155230 0.012612 10 218 107
-0.073748 0.155393 0.002349 -0.088875 0.151694 0.020087 -0.079040 0.155374 0.015142 10 218 107
-0.029047 0.125563 0.007762 -0.048982 0.129806 -0.001323 -0.026304 0.125189 0.017393 10 218 107
-0.056628 0.152706 0.029629 -0.054642 0.155230 0.012612 -0.077383 0.153466 0.030895 10 218 107
-0.069104 0.155595 0.001637 -0.073748 0.155393 0.002349 -0.060484 0.155680 0.004334 10 218 107
-0.077383 0.153466 0.030895 -0.065692 0.149618 0.038161 -0.056628 0.152706 0.029629 10 218 107
-0.054642 0.155230 0.012612 -0.079040 0.155374 0.015142 -0.077383 0.153466 0.030895 10 218 107
-0.048982 0.129806 -0.001323 -0.043465 0.124511 0.022519 -0.026304 0.125189 0.017393 10 218 107
-0.074108 0.173557 -0.037987 -0.076987 0.153694 -0.002297 -0.069104 0.155595 0.001637 10 218 107
-0.048982 0.129806 -0.001323 -0.049423 0.142835 0.008973 -0.043465 0.124511 0.022519 10 218 107
-0.026304 0.125189 0.017393 -0.043465 0.124511 0.022519 -0.030770 0.115973 0.032859 10 218 107
-0.065692 0.149618 0.038161 -0.078936 0.148172 0.039463 -0.078436 0.139280 0.048329 10 218 107
-0.073748 0.155393 0.002349 -0.079040 0.155374 0.015142 -0.054642 0.155230 0.012612 10 218 107
-0.019707 0.092917 -0.034637 -0.023036 0.072778 -0.038073 -0.030979 0.077021 -0.032816 10 218 107
-0.065692 0.149618 0.038161 -0.077383 0.153466 0.030895 -0.078936 0.148172 0.039463 10 218 107
0.032820 0.116556 0.004446 0.039108 0.108291 0.013142 0.045134 0.093631 0.006234 10 218 107
-0.060484 0.155680 0.004334 -0.073748 0.155393 0.002349 -0.054642 0.155230 0.012612 10 218 107
-0.068136 0.180061 -0.058816 -0.075391 0.179528 -0.052402 -0.074108 0.173557 -0.037987 10 218 107
0.010145 0.122217 0.034719 0.035252 0.090837 0.039184 0.034024 0.113539 0.024595 10 218 107
0.039108 0.108291 0.013142 0.032820 0.116556 0.004446 0.034024 0.113539 0.024595 10 218 107
-0.062312 0.163711 -0.040624 -0.068136 0.180061 -0.058816 -0.069104 0.155595 0.001637 10 218 107
0.013906 0.127908 0.025110 0.010145 0.122217 0.034719 0.034024 0.113539 0.024595 10 218 107
-0.082762 0.111623 0.044221 -0.092654 0.120840 0.041630 -0.091715 0.117100 0.030809 10 218 107
0.030530 0.112212 -0.008186 0.012319 0.129038 0.001334 0.032820 0.116556 0.004446 10 218 107
0.032820 0.116556 0.004446 0.013906 0.127908 0.025110 0.034024 0.113539 0.024595 10 218 107
-0.000950 0.101411 0.044290 -0.022362 0.098208 0.044766 -0.001219 0.096202 0.053816 10 218 107
-0.088206 0.094486 0.023744 -0.086161 0.108386 0.018245 -0.088091 0.087742 0.004849 10 218 107
0.032820 0.116556 0.004446 0.012319 0.129038 0.001334 0.013906 0.127908 0.025110 10 218 107
-0.053993 0.144987 -0.001109 -0.043793 0.169555 -0.007303 -0.011097 0.182023 -0.028042 10 218 107
-0.067006 0.063293 -0.001749 -0.065610 0.075860 -0.016750 -0.051673 0.066851 -0.012120 10 218 107
-0.019876 0.051608 0.046142 -0.024982 0.081778 0.053421 -0.030801 0.080068 0.041798 10 218 107
-0.030801 0.080068 0.041798 -0.015241 0.091822 0.055817 -0.022362 0.098208 0.044766 10 218 107
-0.015716 0.060823 0.052365 -0.019135 0.083475 0.057217 -0.019876 0.051608 0.046142 10 218 107
-0.074108 0.173557 -0.037987 -0.078578 0.164206 -0.031826 -0.076987 0.153694 -0.002297 10 218 107
-0.055928 0.035917 0.046376 -0.060381 0.045921 0.040089 -0.065147 0.035946 0.039775 10 218 107
-0.049754 0.049738 0.037037 -0.051308 0.060522 0.031435 -0.052625 0.050435 0.029047 10 218 107
-0.060381 0.045921 0.040089 -0.064416 0.041284 0.028243 -0.065147 0.035946 0.039775 10 218 107
-0.024982 0.081778 0.053421 -0.019135 0.083475 0.057217 -0.015241 0.091822 0.055817 10 218 107
-0.073748 0.155393 0.002349 -0.069104 0.155595 0.001637 -0.076987 0.153694 -0.002297 10 218 107
-0.074898 0.114589 0.050776 -0.084151 0.129550 0.050484 -0.092654 0.120840 0.041630 10 218 107
-0.047402 0.075550 0.042630 -0.049754 0.049738 0.037037 -0.039186 0.063075 0.041383 10 218 107
-0.019135 0.083475 0.057217 -0.024982 0.081778 0.053421 -0.019876 0.051608 0.046142 10 218 107
-0.047402 0.075550 0.042630 -0.051308 0.060522 0.031435 -0.049754 0.049738 0.037037 10 218 107
-0.064992 0.084551 0.044120 -0.081221 0.081003 0.031256 -0.071306 0.073899 0.035970 10 218 107
-0.015451 0.185976 -0.024796 -0.014223 0.161674 -0.013349 -0.008696 0.172916 -0.026709 10 218 107
-0.054813 0.098102 -0.021425 -0.073945 0.084375 -0.015154 -0.055140 0.110516 -0.017673 10 218 107
-0.084151 0.129550 0.050484 -0.078436 0.139280 0.048329 -0.078936 0.148172 0.039463 10 218 107
-0.014223 0.161674 -0.013349 -0.026292 0.159634 -0.000518 -0.050271 0.143366 0.001515 10 218 107
-0.088206 0.094486 0.023744 -0.072145 0.091556 0.041495 -0.086161 0.108386 0.018245 10 218 107
-0.015241 0.091822 0.055817 -0.030801 0.080068 0.041798 -0.024982 0.081778 0.053421 10 218 107
-0.014223 0.161674 -0.013349 -0.050271 0.143366 0.001515 -0.019819 0.165095 -0.017609 10 218 107
-0.054813 0.098102 -0.021425 -0.017142 0.098057 -0.024924 -0.034708 0.084036 -0.024302 10 218 107
-0.081221 0.081003 0.031256 -0.072145 0.091556 0.041495 -0.088206 0.094486 0.023744 10 218 107
-0.054813 0.098102 -0.021425 -0.037988 0.107515 -0.019976 -0.017142 0.098057 -0.024924 10 218 107
-0.078936 0.148172 0.039463 -0.088875 0.151694 0.020087 -0.092654 0.120840 0.041630 10 218 107
-0.061777 0.034018 0.016901 -0.055353 0.042936 0.019135 -0.069997 0.042073 0.006690 10 218 107
-0.072145 0.091556 0.041495 -0.075824 0.107949 0.037129 -0.086161 0.108386 0.018245 10 218 107
-0.077383 0.153466 0.030895 -0.088875 0.151694 0.020087 -0.078936 0.148172 0.039463 10 218 107
-0.064992 0.084551 0.044120 -0.072145 0.091556 0.041495 -0.081221 0.081003 0.031256 10 218 107
-0.022492 0.046514 0.051885 -0.028054 0.054551 0.036787 -0.039180 0.042407 0.041476 10 218 107
-0.050290 0.049099 0.017165 -0.057220 0.057000 0.004918 -0.057713 0.048718 0.007277 10 218 107
-0.084151 0.129550 0.050484 -0.078936 0.148172 0.039463 -0.092654 0.120840 0.041630 10 218 107
-0.062745 0.163975 -0.059398 -0.068136 0.180061 -0.058816 -0.062542 0.176795 -0.057822 10 218 107
-0.066643 0.160409 -0.056843 -0.074227 0.164370 -0.038240 -0.068136 0.180061 -0.058816 10 218 107
-0.068136 0.180061 -0.058816 -0.074227 0.164370 -0.038240 -0.075391 0.179528 -0.052402 10 218 107
-0.075428 0.152012 -0.014394 -0.066643 0.160409 -0.056843 -0.071048 0.151611 -0.044679 10 218 107
-0.066643 0.160409 -0.056843 -0.075428 0.152012 -0.014394 -0.074227 0.164370 -0.038240 10 218 107
-0.074227 0.164370 -0.038240 -0.078578 0.164206 -0.031826 -0.075391 0.179528 -0.052402 10 218 107
-0.034708 0.084036 -0.024302 -0.019707 0.092917 -0.034637 -0.030979 0.077021 -0.032816 10 218 107
0.009414 0.121219 -0.012938 -0.007824 0.109241 -0.022186 -0.009018 0.125280 -0.007791 10 218 107
-0.029010 0.051265 -0.022176 -0.030979 0.077021 -0.032816 -0.023036 0.072778 -0.038073 10 218 107
-0.030979 0.077021 -0.032816 -0.029010 0.051265 -0.022176 -0.035750 0.077248 -0.019374 10 218 107
-0.035750 0.077248 -0.019374 -0.034708 0.084036 -0.024302 -0.030979 0.077021 -0.032816 10 218 107
-0.074227 0.164370 -0.038240 -0.075428 0.152012 -0.014394 -0.078578 0.164206 -0.031826 10 218 107
-0.032876 0.051678 -0.010889 -0.035750 0.077248 -0.019374 -0.029010 0.051265 -0.022176 10 218 107
-0.047872 0.034136 -0.015418 -0.043227 0.046264 -0.011772 -0.042466 0.034189 -0.027261 10 218 107
-0.032876 0.051678 -0.010889 -0.029010 0.051265 -0.022176 -0.043227 0.046264 -0.011772 10 218 107
-0.033656 0.034344 0.036914 -0.039343 0.035440 0.042493 -0.055928 0.035917 0.046376 10 218 107
-0.091715 0.117100 0.030809 -0.092654 0.120840 0.041630 -0.094238 0.126154 0.022201 10 218 107
-0.052625 0.050435 0.029047 -0.051308 0.060522 0.031435 -0.050290 0.049099 0.017165 10 218 107
-0.047872 0.034136 -0.015418 -0.054421 0.047837 -0.005919 -0.043227 0.046264 -0.011772 10 218 107
-0.023574 0.037037 0.054145 -0.039343 0.035440 0.042493 -0.033656 0.034344 0.036914 10 218 107
-0.094238 0.126154 0.022201 -0.092654 0.120840 0.041630 -0.090242 0.135760 0.014149 10 218 107
-0.070413 0.141292 -0.008459 -0.077388 0.146564 -0.004354 -0.075428 0.152012 -0.014394 10 218 107
-0.073945 0.084375 -0.015154 -0.082943 0.093292 -0.006186 -0.070872 0.116116 -0.007956 10 218 107
-0.075428 0.152012 -0.014394 -0.076987 0.153694 -0.002297 -0.078578 0.164206 -0.031826 10 218 107
-0.076987 0.153694 -0.002297 -0.090206 0.149478 0.013035 -0.073748 0.155393 0.002349 10 218 107
-0.091715 0.117100 0.030809 -0.092675 0.117019 0.011890 -0.086161 0.108386 0.018245 10 218 107
-0.077619 0.073999 -0.005326 -0.082943 0.093292 -0.006186 -0.073945 0.084375 -0.015154 10 218 107
0.056455 0.069951 0.004919 0.053124 0.059012 -0.002885 0.045997 0.069814 0.003014 10 218 107
-0.001139 0.039177 -0.010381 -0.027791 0.038063 0.007938 -0.032074 0.038323 -0.000421 10 218 107
-0.054421 0.047837 -0.005919 -0.057220 0.057000 0.004918 -0.051673 0.066851 -0.012120 10 218 107
-0.076987 0.153694 -0.002297 -0.075428 0.152012 -0.014394 -0.077388 0.146564 -0.004354 10 218 107
-0.084314 0.109573 0.003710 -0.070872 0.116116 -0.007956 -0.082943 0.093292 -0.006186 10 218 107
-0.077619 0.073999 -0.005326 -0.088091 0.087742 0.004849 -0.082943 0.093292 -0.006186 10 218 107
-0.043227 0.046264 -0.011772 -0.029010 0.051265 -0.022176 -0.021201 0.046657 -0.027951 10 218 107
-0.028862 0.035397 0.017350 -0.034835 0.034721 0.034578 -0.030307 0.033995 0.014706 10 218 107
-0.069997 0.042073 0.006690 -0.054421 0.047837 -0.005919 -0.071498 0.034453 0.004203 10 218 107
-0.057713 0.048718 0.007277 -0.057220 0.057000 0.004918 -0.054421 0.047837 -0.005919 10 218 107
-0.077619 0.073999 -0.005326 -0.086062 0.079931 0.014441 -0.088091 0.087742 0.004849 10 218 107
-0.090206 0.149478 0.013035 -0.076987 0.153694 -0.002297 -0.077388 0.146564 -0.004354 10 218 107
-0.060484 0.155680 0.004334 -0.042234 0.172116 -0.004180 -0.043793 0.169555 -0.007303 10 218 107
-0.090009 0.132781 0.005922 -0.077388 0.146564 -0.004354 -0.085632 0.124611 -0.002734 10 218 107
-0.090242 0.135760 0.014149 -0.077388 0.146564 -0.004354 -0.090009 0.132781 0.005922 10 218 107
-0.057713 0.048718 0.007277 -0.054421 0.047837 -0.005919 -0.069997 0.042073 0.006690 10 218 107
-0.086062 0.079931 0.014441 -0.077619 0.073999 -0.005326 -0.071113 0.062751 0.008800 10 218 107
0.035359 0.087439 -0.017109 0.006651 0.088145 -0.032946 0.023911 0.098022 -0.020807 10 218 107
-0.001139 0.039177 -0.010381 0.003968 0.034200 0.004975 -0.003695 0.038173 0.013047 10 218 107
-0.009018 0.125280 -0.007791 -0.017588 0.114913 -0.017205 -0.032822 0.123005 -0.005909 10 218 107
0.030530 0.112212 -0.008186 0.009414 0.121219 -0.012938 0.012319 0.129038 0.001334 10 218 107
0.009414 0.121219 -0.012938 0.030530 0.112212 -0.008186 0.007455 0.111968 -0.019554 10 218 107
0.030530 0.112212 -0.008186 0.041439 0.092365 -0.007459 0.023911 0.098022 -0.020807 10 218 107
0.000968 0.130643 0.002587 0.009414 0.121219 -0.012938 -0.009018 0.125280 -0.007791 10 218 107
0.045997 0.069814 0.003014 0.053124 0.059012 -0.002885 0.033206 0.051021 -0.007238 10 218 107
-0.030307 0.033995 0.014706 -0.034835 0.034721 0.034578 -0.036665 0.035304 0.023032 10 218 107
-0.061996 0.147615 -0.004326 -0.069104 0.155595 0.001637 -0.060484 0.155680 0.004334 10 218 107
-0.030307 0.033995 0.014706 -0.036665 0.035304 0.023032 -0.035712 0.035892 0.015503 10 218 107
-0.030307 0.033995 0.014706 -0.035712 0.035892 0.015503 -0.037314 0.033633 0.004572 10 218 107
-0.000824 0.095165 -0.032056 -0.018502 0.083344 -0.039011 -0.019707 0.092917 -0.034637 10 218 107
-0.029047 0.125563 0.007762 -0.009018 0.125280 -0.007791 -0.032822 0.123005 -0.005909 10 218 107
-0.037988 0.107515 -0.019976 -0.017588 0.114913 -0.017205 -0.007824 0.109241 -0.022186 10 218 107
-0.061996 0.147615 -0.004326 -0.053993 0.144987 -0.001109 -0.063057 0.143416 -0.007491 10 218 107
-0.068136 0.180061 -0.058816 -0.062745 0.163975 -0.059398 -0.066643 0.160409 -0.056843 10 218 107
0.009414 0.121219 -0.012938 0.007455 0.111968 -0.019554 -0.007824 0.109241 -0.022186 10 218 107
-0.063057 0.143416 -0.007491 -0.053993 0.144987 -0.001109 -0.048982 0.129806 -0.001323 10 218 107
-0.053993 0.144987 -0.001109 -0.050271 0.143366 0.001515 -0.048982 0.129806 -0.001323 10 218 107
-0.048982 0.129806 -0.001323 -0.047744 0.120644 -0.012813 -0.060127 0.120414 -0.009379 10 218 107
-0.047744 0.120644 -0.012813 -0.055140 0.110516 -0.017673 -0.060127 0.120414 -0.009379 10 218 107
-0.043227 0.046264 -0.011772 -0.021201 0.046657 -0.027951 -0.042466 0.034189 -0.027261 10 218 107
0.000968 0.130643 0.002587 0.012319 0.129038 0.001334 0.009414 0.121219 -0.012938 10 218 107
-0.037988 0.107515 -0.019976 -0.055140 0.110516 -0.017673 -0.047744 0.120644 -0.012813 10 218 107
-0.017588 0.114913 -0.017205 -0.037988 0.107515 -0.019976 -0.032822 0.123005 -0.005909 10 218 107
-0.048982 0.129806 -0.001323 -0.032822 0.123005 -0.005909 -0.047744 0.120644 -0.012813 10 218 107
0.006272 0.099910 -0.022297 -0.000824 0.095165 -0.032056 -0.019707 0.092917 -0.034637 10 218 107
-0.043793 0.169555 -0.007303 -0.042234 0.172116 -0.004180 -0.022048 0.183486 -0.012095 10 218 107
0.023911 0.098022 -0.020807 0.041439 0.092365 -0.007459 0.035359 0.087439 -0.017109 10 218 107
-0.048982 0.129806 -0.001323 -0.029047 0.125563 0.007762 -0.032822 0.123005 -0.005909 10 218 107
-0.009018 0.125280 -0.007791 -0.007824 0.109241 -0.022186 -0.017588 0.114913 -0.017205 10 218 107
0.006272 0.099910 -0.022297 0.006651 0.088145 -0.032946 -0.000824 0.095165 -0.032056 10 218 107
0.030530 0.112212 -0.008186 0.023911 0.098022 -0.020807 0.007455 0.111968 -0.019554 10 218 107
-0.043793 0.169555 -0.007303 -0.022048 0.183486 -0.012095 -0.015451 0.185976 -0.024796 10 218 107
-0.032822 0.123005 -0.005909 -0.037988 0.107515 -0.019976 -0.047744 0.120644 -0.012813 10 218 107
-0.070872 0.116116 -0.007956 -0.085632 0.124611 -0.002734 -0.070413 0.141292 -0.008459 10 218 107
0.045942 0.048139 -0.003872 0.033206 0.051021 -0.007238 0.053124 0.059012 -0.002885 10 218 107
0.026775 0.051423 -0.020234 0.019972 0.054410 -0.027108 0.031909 0.064657 -0.018473 10 218 107
-0.077619 0.073999 -0.005326 -0.065610 0.075860 -0.016750 -0.067006 0.063293 -0.001749 10 218 107
0.019968 0.034844 -0.001898 0.033206 0.051021 -0.007238 0.045942 0.048139 -0.003872 10 218 107
-0.077619 0.073999 -0.005326 -0.073945 0.084375 -0.015154 -0.065610 0.075860 -0.016750 10 218 107
-0.085632 0.124611 -0.002734 -0.077388 0.146564 -0.004354 -0.070413 0.141292 -0.008459 10 218 107
-0.075428 0.152012 -0.014394 -0.071048 0.151611 -0.044679 -0.070413 0.141292 -0.008459 10 218 107
-0.070413 0.141292 -0.008459 -0.063057 0.143416 -0.007491 -0.048982 0.129806 -0.001323 10 218 107
-0.017142 0.098057 -0.024924 -0.037988 0.107515 -0.019976 -0.007824 0.109241 -0.022186 10 218 107
-0.065610 0.075860 -0.016750 -0.073945 0.084375 -0.015154 -0.055523 0.081928 -0.021354 10 218 107
-0.037988 0.107515 -0.019976 -0.054813 0.098102 -0.021425 -0.055140 0.110516 -0.017673 10 218 107
-0.051673 0.066851 -0.012120 -0.055523 0.081928 -0.021354 -0.035750 0.077248 -0.019374 10 218 107
-0.067006 0.063293 -0.001749 -0.051673 0.066851 -0.012120 -0.057220 0.057000 0.004918 10 218 107
-0.036665 0.035304 0.023032 -0.034835 0.034721 0.034578 -0.041896 0.033668 0.026940 10 218 107
0.025473 0.074094 -0.024939 0.006651 0.088145 -0.032946 0.035359 0.087439 -0.017109 10 218 107
0.013964 0.045579 -0.024707 0.019972 0.054410 -0.027108 0.026775 0.051423 -0.020234 10 218 107
0.031909 0.064657 -0.018473 0.019972 0.054410 -0.027108 0.025473 0.074094 -0.024939 10 218 107
-0.051673 0.066851 -0.012120 -0.035750 0.077248 -0.019374 -0.032876 0.051678 -0.010889 10 218 107
-0.054421 0.047837 -0.005919 -0.032876 0.051678 -0.010889 -0.043227 0.046264 -0.011772 10 218 107
0.012009 0.035962 -0.021736 0.013964 0.045579 -0.024707 0.026775 0.051423 -0.020234 10 218 107
-0.019707 0.092917 -0.034637 -0.034708 0.084036 -0.024302 -0.017142 0.098057 -0.024924 10 218 107
0.023911 0.098022 -0.020807 0.006651 0.088145 -0.032946 0.006272 0.099910 -0.022297 10 218 107
0.003968 0.034200 0.004975 0.000917 0.034803 0.015635 -0.003695 0.038173 0.013047 10 218 107
-0.084314 0.109573 0.003710 -0.085632 0.124611 -0.002734 -0.070872 0.116116 -0.007956 10 218 107
0.019972 0.054410 -0.027108 0.006498 0.070792 -0.033525 0.025473 0.074094 -0.024939 10 218 107
0.006498 0.070792 -0.033525 0.006651 0.088145 -0.032946 0.025473 0.074094 -0.024939 10 218 107
0.012009 0.035962 -0.021736 -0.021201 0.046657 -0.027951 0.013964 0.045579 -0.024707 10 218 107
0.006272 0.099910 -0.022297 0.007455 0.111968 -0.019554 0.023911 0.098022 -0.020807 10 218 107
0.013964 0.045579 -0.024707 0.003731 0.048128 -0.029026 0.019972 0.054410 -0.027108 10 218 107
-0.033656 0.034344 0.036914 -0.055928 0.035917 0.046376 -0.034835 0.034721 0.034578 10 218 107
-0.035750 0.077248 -0.019374 -0.054813 0.098102 -0.021425 -0.034708 0.084036 -0.024302 10 218 107
-0.007824 0.109241 -0.022186 0.007455 0.111968 -0.019554 0.006272 0.099910 -0.022297 10 218 107
0.019972 0.054410 -0.027108 0.003731 0.048128 -0.029026 0.006498 0.070792 -0.033525 10 218 107
-0.053993 0.144987 -0.001109 -0.060484 0.155680 0.004334 -0.043793 0.169555 -0.007303 10 218 107
-0.054421 0.047837 -0.005919 -0.051673 0.066851 -0.012120 -0.032876 0.051678 -0.010889 10 218 107
-0.000427 0.082947 -0.036381 -0.000824 0.095165 -0.032056 0.006651 0.088145 -0.032946 10 218 107
0.013964 0.045579 -0.024707 -0.021201 0.046657 -0.027951 0.003731 0.048128 -0.029026 10 218 107
0.006498 0.070792 -0.033525 -0.000427 0.082947 -0.036381 0.006651 0.088145 -0.032946 10 218 107
-0.035750 0.077248 -0.019374 -0.055523 0.081928 -0.021354 -0.054813 0.098102 -0.021425 10 218 107
0.003731 0.048128 -0.029026 -0.014467 0.063136 -0.036866 0.006498 0.070792 -0.033525 10 218 107
-0.018502 0.083344 -0.039011 -0.000824 0.095165 -0.032056 -0.000427 0.082947 -0.036381 10 218 107
-0.055140 0.110516 -0.017673 -0.070872 0.116116 -0.007956 -0.060127 0.120414 -0.009379 10 218 107
0.006498 0.070792 -0.033525 -0.014467 0.063136 -0.036866 -0.000427 0.082947 -0.036381 10 218 107
0.012009 0.035962 -0.021736 -0.033164 0.033607 -0.029722 -0.021201 0.046657 -0.027951 10 218 107
-0.017142 0.098057 -0.024924 -0.007824 0.109241 -0.022186 0.006272 0.099910 -0.022297 10 218 107
-0.026580 0.037743 0.015705 -0.030985 0.038192 0.032390 -0.028862 0.035397 0.017350 10 218 107
-0.014467 0.063136 -0.036866 -0.018502 0.083344 -0.039011 -0.000427 0.082947 -0.036381 10 218 107
-0.030985 0.038192 0.032390 -0.034835 0.034721 0.034578 -0.028862 0.035397 0.017350 10 218 107
0.009429 0.036030 0.004528 0.003968 0.034200 0.004975 0.019968 0.034844 -0.001898 10 218 107
-0.021201 0.046657 -0.027951 -0.014467 0.063136 -0.036866 0.003731 0.048128 -0.029026 10 218 107
-0.073945 0.084375 -0.015154 -0.054813 0.098102 -0.021425 -0.055523 0.081928 -0.021354 10 218 107
-0.011097 0.182023 -0.028042 -0.008696 0.172916 -0.026709 -0.019819 0.165095 -0.017609 10 218 107
-0.023036 0.072778 -0.038073 -0.014467 0.063136 -0.036866 -0.021201 0.046657 -0.027951 10 218 107
-0.065610 0.075860 -0.016750 -0.055523 0.081928 -0.021354 -0.051673 0.066851 -0.012120 10 218 107
-0.067078 0.033840 -0.006169 -0.071498 0.034453 0.004203 -0.054421 0.047837 -0.005919 10 218 107
-0.023036 0.072778 -0.038073 -0.018502 0.083344 -0.039011 -0.014467 0.063136 -0.036866 10 218 107
-0.061777 0.034018 0.016901 -0.064416 0.041284 0.028243 -0.055353 0.042936 0.019135 10 218 107
-0.070413 0.141292 -0.008459 -0.048982 0.129806 -0.001323 -0.060127 0.120414 -0.009379 10 218 107
-0.029010 0.051265 -0.022176 -0.023036 0.072778 -0.038073 -0.021201 0.046657 -0.027951 10 218 107
-0.053993 0.144987 -0.001109 -0.011097 0.182023 -0.028042 -0.019819 0.165095 -0.017609 10 218 107
-0.023036 0.072778 -0.038073 -0.019707 0.092917 -0.034637 -0.018502 0.083344 -0.039011 10 218 107
-0.011097 0.182023 -0.028042 -0.043793 0.169555 -0.007303 -0.015451 0.185976 -0.024796 10 218 107
-0.070872 0.116116 -0.007956 -0.070413 0.141292 -0.008459 -0.060127 0.120414 -0.009379 10 218 107
-0.038280 0.035429 0.024381 -0.036665 0.035304 0.023032 -0.041896 0.033668 0.026940 10 218 107
-0.053993 0.144987 -0.001109 -0.061996 0.147615 -0.004326 -0.060484 0.155680 0.004334 10 218 107
0.012224 0.035177 0.042621 -0.016471 0.034813 0.043685 0.008529 0.034888 0.036265 10 218 107
0.013279 0.034380 0.021424 0.012224 0.035177 0.042621 0.008529 0.034888 0.036265 10 218 107
0.049016 0.044574 0.020659 0.028948 0.039160 0.027235 0.037250 0.037510 0.014816 10 218 107
-0.026323 0.034658 0.043474 -0.023574 0.037037 0.054145 -0.033656 0.034344 0.036914 10 218 107
0.008981 0.037639 0.033901 0.013279 0.034380 0.021424 0.008529 0.034888 0.036265 10 218 107
-0.064992 0.084551 0.044120 -0.071306 0.073899 0.035970 -0.047402 0.075550 0.042630 10 218 107
0.020898 0.035937 0.008785 0.017490 0.034646 0.022041 0.022253 0.036583 0.013980 10 218 107
0.015323 0.036240 0.003663 0.009429 0.036030 0.004528 0.019968 0.034844 -0.001898 10 218 107
0.013279 0.034380 0.021424 0.008981 0.037639 0.033901 0.000917 0.034803 0.015635 10 218 107
-0.053993 0.144987 -0.001109 -0.019819 0.165095 -0.017609 -0.050271 0.143366 0.001515 10 218 107
0.020250 0.037033 0.039327 0.012224 0.035177 0.042621 0.013279 0.034380 0.021424 10 218 107
0.000917 0.034803 0.015635 -0.011290 0.039529 0.038844 -0.003695 0.038173 0.013047 10 218 107
0.009429 0.036030 0.004528 0.006219 0.035134 0.006549 0.003968 0.034200 0.004975 10 218 107
0.037250 0.037510 0.014816 0.017490 0.034646 0.022041 0.020898 0.035937 0.008785 10 218 107
0.000917 0.034803 0.015635 0.008981 0.037639 0.033901 0.005250 0.039507 0.033271 10 218 107
0.015323 0.036240 0.003663 0.019968 0.034844 -0.001898 0.020898 0.035937 0.008785 10 218 107
0.020250 0.037033 0.039327 0.013279 0.034380 0.021424 0.017490 0.034646 0.022041 10 218 107
0.049016 0.044574 0.020659 0.043785 0.048804 0.031343 0.028948 0.039160 0.027235 10 218 107
-0.086161 0.108386 0.018245 -0.075824 0.107949 0.037129 -0.091715 0.117100 0.030809 10 218 107
0.009589 0.034207 -0.015424 0.003968 0.034200 0.004975 -0.001139 0.039177 -0.010381 10 218 107
0.019968 0.034844 -0.001898 0.009589 0.034207 -0.015424 0.012009 0.035962 -0.021736 10 218 107
0.028948 0.039160 0.027235 0.020250 0.037033 0.039327 0.017490 0.034646 0.022041 10 218 107
-0.011290 0.039529 0.038844 -0.026580 0.037743 0.015705 -0.003695 0.038173 0.013047 10 218 107
-0.091715 0.117100 0.030809 -0.075824 0.107949 0.037129 -0.082762 0.111623 0.044221 10 218 107
0.046693 0.042465 0.006565 0.020898 0.035937 0.008785 0.019968 0.034844 -0.001898 10 218 107
-0.074898 0.114589 0.050776 -0.092654 0.120840 0.041630 -0.082762 0.111623 0.044221 10 218 107
0.046693 0.042465 0.006565 0.037250 0.037510 0.014816 0.020898 0.035937 0.008785 10 218 107
0.009589 0.034207 -0.015424 -0.001139 0.039177 -0.010381 -0.035199 0.033835 -0.020508 10 218 107
-0.074898 0.114589 0.050776 -0.063782 0.110373 0.037580 -0.070113 0.117904 0.052714 10 218 107
0.037250 0.037510 0.014816 0.028948 0.039160 0.027235 0.017490 0.034646 0.022041 10 218 107
0.006219 0.035134 0.006549 0.004917 0.033997 0.009167 0.003968 0.034200 0.004975 10 218 107
-0.011290 0.039529 0.038844 -0.023320 0.039170 0.038473 -0.026580 0.037743 0.015705 10 218 107
-0.086062 0.079931 0.014441 -0.071113 0.062751 0.008800 -0.080294 0.071702 0.015995 10 218 107
-0.077619 0.073999 -0.005326 -0.067006 0.063293 -0.001749 -0.071113 0.062751 0.008800 10 218 107
-0.023320 0.039170 0.038473 -0.030985 0.038192 0.032390 -0.026580 0.037743 0.015705 10 218 107
-0.086062 0.079931 0.014441 -0.080294 0.071702 0.015995 -0.081221 0.081003 0.031256 10 218 107
0.012224 0.035177 0.042621 -0.023574 0.037037 0.054145 -0.016471 0.034813 0.043685 10 218 107
-0.023574 0.037037 0.054145 -0.026323 0.034658 0.043474 -0.016471 0.034813 0.043685 10 218 107
0.049016 0.044574 0.020659 0.037250 0.037510 0.014816 0.046693 0.042465 0.006565 10 218 107
-0.071113 0.062751 0.008800 -0.066839 0.062171 0.021577 -0.080294 0.071702 0.015995 10 218 107
-0.057220 0.057000 0.004918 -0.071113 0.062751 0.008800 -0.067006 0.063293 -0.001749 10 218 107
-0.071306 0.073899 0.035970 -0.081221 0.081003 0.031256 -0.080294 0.071702 0.015995 10 218 107
-0.074108 0.173557 -0.037987 -0.075391 0.179528 -0.052402 -0.078578 0.164206 -0.031826 10 218 107
-0.075824 0.107949 0.037129 -0.074898 0.114589 0.050776 -0.082762 0.111623 0.044221 10 218 107
-0.061777 0.034018 0.016901 -0.069997 0.042073 0.006690 -0.071498 0.034453 0.004203 10 218 107
-0.057220 0.057000 0.004918 -0.066839 0.062171 0.021577 -0.071113 0.062751 0.008800 10 218 107
-0.003695 0.038173 0.013047 -0.027791 0.038063 0.007938 -0.001139 0.039177 -0.010381 10 218 107
-0.063782 0.110373 0.037580 -0.074898 0.114589 0.050776 -0.075824 0.107949 0.037129 10 218 107
-0.070413 0.141292 -0.008459 -0.071048 0.151611 -0.044679 -0.063057 0.143416 -0.007491 10 218 107
-0.080294 0.071702 0.015995 -0.066839 0.062171 0.021577 -0.071306 0.073899 0.035970 10 218 107
0.013279 0.034380 0.021424 0.000917 0.034803 0.015635 0.008104 0.034843 0.018135 10 218 107
-0.047872 0.034136 -0.015418 -0.053211 0.033585 0.013987 -0.067078 0.033840 -0.006169 10 218 107
-0.057220 0.057000 0.004918 -0.051308 0.060522 0.031435 -0.066839 0.062171 0.021577 10 218 107
-0.061777 0.034018 0.016901 -0.071498 0.034453 0.004203 -0.067078 0.033840 -0.006169 10 218 107
0.003968 0.034200 0.004975 0.004917 0.033997 0.009167 0.000917 0.034803 0.015635 10 218 107
-0.066839 0.062171 0.021577 -0.051308 0.060522 0.031435 -0.071306 0.073899 0.035970 10 218 107
0.028948 0.039160 0.027235 0.043785 0.048804 0.031343 0.035515 0.050450 0.031440 10 218 107
0.008104 0.034843 0.018135 0.000917 0.034803 0.015635 0.004917 0.033997 0.009167 10 218 107
-0.061777 0.034018 0.016901 -0.067078 0.033840 -0.006169 -0.053211 0.033585 0.013987 10 218 107
0.000809 0.116333 0.040168 -0.000950 0.101411 0.044290 0.010145 0.122217 0.034719 10 218 107
-0.051308 0.060522 0.031435 -0.047402 0.075550 0.042630 -0.071306 0.073899 0.035970 10 218 107
-0.018160 0.039322 0.039403 -0.023320 0.039170 0.038473 -0.011290 0.039529 0.038844 10 218 107
-0.064416 0.041284 0.028243 -0.061777 0.034018 0.016901 -0.065147 0.035946 0.039775 10 218 107
0.005250 0.039507 0.033271 -0.011290 0.039529 0.038844 0.000917 0.034803 0.015635 10 218 107
0.009589 0.034207 -0.015424 0.019968 0.034844 -0.001898 0.003968 0.034200 0.004975 10 218 107
-0.047872 0.034136 -0.015418 -0.047104 0.035549 0.008080 -0.053211 0.033585 0.013987 10 218 107
-0.053211 0.033585 0.013987 -0.054019 0.033310 0.015848 -0.061777 0.034018 0.016901 10 218 107
-0.033164 0.033607 -0.029722 -0.047872 0.034136 -0.015418 -0.042466 0.034189 -0.027261 10 218 107
-0.061777 0.034018 0.016901 -0.055928 0.035917 0.046376 -0.065147 0.035946 0.039775 10 218 107
-0.054019 0.033310 0.015848 -0.041896 0.033668 0.026940 -0.061777 0.034018 0.016901 10 218 107
-0.035199 0.033835 -0.020508 -0.039670 0.036174 -0.007340 -0.047872 0.034136 -0.015418 10 218 107
-0.047104 0.035549 0.008080 -0.047872 0.034136 -0.015418 -0.039670 0.036174 -0.007340 10 218 107
-0.041271 0.033855 -0.001880 -0.047104 0.035549 0.008080 -0.039670 0.036174 -0.007340 10 218 107
-0.038067 0.038519 -0.007308 -0.039670 0.036174 -0.007340 -0.035199 0.033835 -0.020508 10 218 107
-0.035199 0.033835 -0.020508 -0.047872 0.034136 -0.015418 -0.033164 0.033607 -0.029722 10 218 107
0.012224 0.035177 0.042621 -0.022492 0.046514 0.051885 -0.023574 0.037037 0.054145 10 218 107
0.009589 0.034207 -0.015424 -0.033164 0.033607 -0.029722 0.012009 0.035962 -0.021736 10 218 107
-0.034835 0.034721 0.034578 -0.061777 0.034018 0.016901 -0.041896 0.033668 0.026940 10 218 107
-0.034835 0.034721 0.034578 -0.055928 0.035917 0.046376 -0.061777 0.034018 0.016901 10 218 107
-0.032074 0.038323 -0.000421 -0.033163 0.038195 -0.000525 -0.038067 0.038519 -0.007308 10 218 107
-0.037314 0.033633 0.004572 -0.047104 0.035549 0.008080 -0.041271 0.033855 -0.001880 10 218 107
-0.035199 0.033835 -0.020508 -0.032074 0.038323 -0.000421 -0.038067 0.038519 -0.007308 10 218 107
-0.035712 0.035892 0.015503 -0.047104 0.035549 0.008080 -0.037314 0.033633 0.004572 10 218 107
-0.035712 0.035892 0.015503 -0.039222 0.036326 0.010790 -0.047104 0.035549 0.008080 10 218 107
-0.049001 0.086222 0.045352 -0.064992 0.084551 0.044120 -0.047402 0.075550 0.042630 10 218 107
-0.001139 0.039177 -0.010381 -0.032074 0.038323 -0.000421 -0.035199 0.033835 -0.020508 10 218 107
-0.003695 0.038173 0.013047 -0.026580 0.037743 0.015705 -0.027791 0.038063 0.007938 10 218 107
